## references: PMID:18946038, PMID:14872534, PMID:16301309, http://arxiv.org/pdf/1502.03136v2.pdf
amino_acid	alpha	beta	charge	core	hydropathy	pH	polarity	rim	surface	turn	volume	count	strength	disorder	mjenergy	kf1	kf2	kf3	kf4	kf5	kf6	kf7	kf8	kf9	kf10
A	1.29	0.9	0	0.049	1.8	0	0	0.047	0.065	0.78	67	1	0	0	-2.8455	-1.56	-1.67	-0.97	-0.27	-0.93	-0.78	-0.2	-0.08	0.21	-0.48
C	1.11	0.74	0	0.02	2.5	-2	0	0.015	0.015	0.8	86	1	1	-1	-3.782	0.12	-0.89	0.45	-1.05	-0.71	2.41	1.52	-0.69	1.13	1.1
D	1.04	0.72	-1	0.051	-3.5	-2	1	0.071	0.074	1.41	91	1	0	1	-2.116	0.58	-0.22	-1.58	0.81	-0.92	0.15	-1.52	0.47	0.76	0.7
E	1.44	0.75	-1	0.051	-3.5	-2	1	0.094	0.089	1	109	1	0	1	-2.141	-1.45	0.19	-1.61	1.17	-1.31	0.4	0.04	0.38	-0.35	-0.12
F	1.07	1.32	0	0.051	2.8	0	0	0.021	0.029	0.58	135	1	1	-1	-5.017	-0.21	0.98	-0.36	-1.43	0.22	-0.81	0.67	1.1	1.71	-0.44
G	0.56	0.92	0	0.06	-0.4	0	0	0.071	0.07	1.64	48	1	0	1	-2.499	1.46	-1.96	-0.23	-0.16	0.1	-0.11	1.32	2.36	-1.66	0.46
H	1.22	1.08	0	0.034	-3.2	1	1	0.022	0.025	0.69	118	1	0	-1	-2.927	-0.41	0.52	-0.28	0.28	1.61	1.01	-1.85	0.47	1.13	1.63
I	0.97	1.45	0	0.047	4.5	0	0	0.032	0.035	0.51	124	1	1	-1	-4.641	-0.73	-0.16	1.79	-0.77	-0.54	0.03	-0.83	0.51	0.66	-1.78
K	1.23	0.77	1	0.05	-3.9	2	1	0.105	0.08	0.96	135	1	0	1	-1.789	-0.34	0.82	-0.23	1.7	1.54	-1.62	1.15	-0.08	-0.48	0.6
L	1.3	1.02	0	0.078	3.8	0	0	0.052	0.063	0.59	124	1	1	-1	-5.023	-1.04	0	-0.24	-1.1	-0.55	-2.05	0.96	-0.76	0.45	0.93
M	1.47	0.97	0	0.027	1.9	0	0	0.017	0.016	0.39	124	1	1	1	-4.1915	-1.4	0.18	-0.42	-0.73	2	1.52	0.26	0.11	-1.27	0.27
N	0.9	0.76	0	0.058	-3.5	0	1	0.062	0.053	1.28	96	1	0	1	-2.349	1.14	-0.07	-0.12	0.81	0.18	0.37	-0.09	1.23	1.1	-1.73
P	0.52	0.64	0	0.051	-1.6	0	0	0.052	0.054	1.91	90	1	0	1	-2.443	2.06	-0.33	-1.15	-0.75	0.88	-0.45	0.3	-2.3	0.74	-0.28
Q	1.27	0.8	0	0.051	-3.5	1	1	0.053	0.051	0.97	114	1	0	1	-2.2505	-0.47	0.24	0.07	1.1	1.1	0.59	0.84	-0.71	-0.03	-2.33
R	0.96	0.99	1	0.066	-4.5	2	1	0.068	0.059	0.88	148	1	0	1	-2.402	0.22	1.27	1.37	1.87	-1.7	0.46	0.92	-0.39	0.23	0.93
S	0.82	0.95	0	0.057	-0.8	-1	1	0.072	0.071	1.33	73	1	0	1	-2.308	0.81	-1.08	0.16	0.42	-0.21	-0.43	-1.89	-1.15	-0.97	-0.23
T	0.82	1.21	0	0.064	-0.7	-1	0	0.064	0.065	1.03	93	1	0	0	-2.6145	0.26	-0.7	1.21	0.63	-0.1	0.21	0.24	-1.15	-0.56	0.19
V	0.91	1.49	0	0.049	4.2	0	0	0.048	0.048	0.47	105	1	1	-1	-4.093	-0.74	-0.71	2.04	-0.4	0.5	-0.81	-1.07	0.06	-0.46	0.65
W	0.99	1.14	0	0.022	-0.9	1	1	0.007	0.012	0.75	163	1	1	-1	-4.1375	0.3	2.1	-0.72	-1.57	-1.16	0.57	-0.48	-0.4	-2.3	-0.6
Y	0.72	1.25	0	0.07	-1.3	-1	1	0.032	0.033	1.05	141	1	1	-1	-3.7505	1.38	1.48	0.8	-0.56	0	-0.68	-0.31	1.03	-0.05	0.53
