A1	1	78	79	111	112	162	163	171	172	279	VK	0
A10	1	78	79	96	97	147	148	156	157	264	VK	0
A11	1	78	79	99	100	150	151	159	160	267	VK	0
A14	1	78	79	96	97	147	148	156	157	264	VK	0
A17	1	78	79	111	112	162	163	171	172	279	VK	0
A18b	1	78	79	111	112	162	163	171	172	279	VK	0
A19	1	78	79	111	112	162	163	171	172	279	VK	0
A2	1	78	79	111	112	162	163	171	172	279	VK	0
A20	1	78	79	96	97	147	148	156	157	264	VK	0
A23	1	78	79	111	112	162	163	171	172	279	VK	0
A26	1	78	79	96	97	147	148	156	157	264	VK	0
A27	1	78	79	99	100	150	151	159	160	267	VK	0
A3	1	78	79	111	112	162	163	171	172	279	VK	0
A30	1	78	79	96	97	147	148	156	157	264	VK	0
A5	1	78	79	111	112	162	163	171	172	279	VK	0
A7	1	78	79	111	112	162	163	171	172	279	VK	0
B2	1	78	79	96	97	147	148	156	157	264	VK	0
B3	1	78	79	114	115	165	166	174	175	282	VK	0
IGHV1-18*01	1	75	76	99	100	150	151	174	175	288	VH	0
IGHV1-18*03	1	75	76	99	100	150	151	174	175	288	VH	0
IGHV1-2*01	1	75	76	99	100	150	151	174	175	288	VH	0
IGHV1-2*02	1	75	76	99	100	150	151	174	175	288	VH	0
IGHV1-2*03	1	75	76	99	100	150	151	174	175	288	VH	0
IGHV1-2*04	1	75	76	99	100	150	151	174	175	288	VH	0
IGHV1-2*05	1	75	76	99	100	150	151	174	175	288	VH	0
IGHV1-24*01	1	75	76	99	100	150	151	174	175	288	VH	0
IGHV1-3*01	1	75	76	99	100	150	151	174	175	288	VH	0
IGHV1-3*02	1	75	76	99	100	150	151	174	175	288	VH	0
IGHV1-45*01	1	75	76	99	100	150	151	174	175	288	VH	0
IGHV1-45*02	1	75	76	99	100	150	151	174	175	288	VH	0
IGHV1-46*01	1	75	76	99	100	150	151	174	175	288	VH	0
IGHV1-46*02	1	75	76	99	100	150	151	174	175	288	VH	0
IGHV1-46*03	1	75	76	99	100	150	151	174	175	288	VH	0
IGHV1-58*01	1	75	76	99	100	150	151	174	175	288	VH	0
IGHV1-58*02	1	75	76	99	100	150	151	174	175	288	VH	0
IGHV1-68*01	1	75	76	99	100	150	151	174	175	288	VH	0
IGHV1-69*01	1	75	76	99	100	150	151	174	175	288	VH	0
IGHV1-69*02	1	75	76	99	100	150	151	174	175	288	VH	0
IGHV1-69*04	1	75	76	99	100	150	151	174	175	288	VH	0
IGHV1-69*05	1	75	76	99	100	150	151	174	175	288	VH	0
IGHV1-69*06	1	75	76	99	100	150	151	174	175	288	VH	0
IGHV1-69*08	1	75	76	99	100	150	151	174	175	288	VH	0
IGHV1-69*09	1	75	76	99	100	150	151	174	175	288	VH	0
IGHV1-69*10	1	75	76	99	100	150	151	174	175	288	VH	0
IGHV1-69*11	1	75	76	99	100	150	151	174	175	288	VH	0
IGHV1-69*12	1	75	76	99	100	150	151	174	175	288	VH	0
IGHV1-69*13	1	75	76	99	100	150	151	174	175	288	VH	0
IGHV1-8*01	1	75	76	99	100	150	151	174	175	288	VH	0
IGHV1-8*02	1	75	76	99	100	150	151	174	175	288	VH	0
IGHV1-f*01	1	75	76	99	100	150	151	174	175	288	VH	0
IGHV1/OR15-1*01	1	75	76	99	100	150	151	174	175	288	VH	0
IGHV1/OR15-1*02	1	75	76	99	100	150	151	174	175	288	VH	0
IGHV1/OR15-1*03	1	75	76	99	100	150	151	174	175	288	VH	0
IGHV1/OR15-1*04	1	75	76	99	100	150	151	174	175	288	VH	0
IGHV1/OR15-5*02	1	75	76	99	100	150	151	174	175	288	VH	0
IGHV1/OR15-9*01	1	75	76	99	100	150	151	174	175	288	VH	0
IGHV1/OR21-1*01	1	75	76	99	100	150	151	174	175	288	VH	0
IGHV2-26*01	1	75	76	105	106	156	157	177	178	291	VH	0
IGHV2-5*01	1	75	76	105	106	156	157	177	178	291	VH	0
IGHV2-5*04	1	75	76	105	106	156	157	177	178	291	VH	0
IGHV2-5*05	1	75	76	105	106	156	157	177	178	291	VH	0
IGHV2-5*06	1	75	76	105	106	156	157	177	178	291	VH	0
IGHV2-5*07	1	75	76	105	106	156	157	177	178	291	VH	0
IGHV2-5*08	1	75	76	105	106	156	157	177	178	291	VH	0
IGHV2-5*09	1	75	76	105	106	156	157	177	178	291	VH	0
IGHV2-5*10	1	75	76	105	106	156	157	177	178	291	VH	0
IGHV2-70*01	1	75	76	105	106	156	157	177	178	291	VH	0
IGHV2-70*02	1	75	76	105	106	156	157	177	178	291	VH	0
IGHV2-70*03	1	75	76	105	106	156	157	177	178	291	VH	0
IGHV2-70*04	1	75	76	105	106	156	157	177	178	291	VH	0
IGHV2-70*06	1	75	76	105	106	156	157	177	178	291	VH	0
IGHV2-70*07	1	75	76	105	106	156	157	177	178	291	VH	0
IGHV2-70*08	1	75	76	105	106	156	157	177	178	291	VH	0
IGHV2-70*09	1	75	76	105	106	156	157	177	178	291	VH	0
IGHV2-70*10	1	75	76	105	106	156	157	177	178	291	VH	0
IGHV2-70*11	1	75	76	105	106	156	157	177	178	291	VH	0
IGHV2-70*12	1	75	76	105	106	156	157	177	178	291	VH	0
IGHV2-70*13	1	75	76	105	106	156	157	177	178	291	VH	0
IGHV2/OR16-5*01	1	75	76	105	106	156	157	177	178	291	VH	0
IGHV3-11*01	1	75	76	99	100	150	151	174	175	288	VH	0
IGHV3-11*03	1	75	76	99	100	150	151	174	175	288	VH	0
IGHV3-11*04	1	75	76	99	100	150	151	174	175	288	VH	0
IGHV3-13*01	1	75	76	99	100	150	151	171	172	285	VH	0
IGHV3-13*02	1	75	76	99	100	150	151	171	172	285	VH	0
IGHV3-13*03	1	75	76	99	100	150	151	171	172	285	VH	0
IGHV3-13*04	1	75	76	99	100	150	151	171	172	285	VH	0
IGHV3-15*01	1	75	76	99	100	150	151	180	181	294	VH	0
IGHV3-15*02	1	75	76	99	100	150	151	180	181	294	VH	0
IGHV3-15*03	1	75	76	99	100	150	151	180	181	294	VH	0
IGHV3-15*04	1	75	76	99	100	150	151	180	181	294	VH	0
IGHV3-15*05	1	75	76	99	100	150	151	180	181	294	VH	0
IGHV3-15*06	1	75	76	99	100	150	151	180	181	294	VH	0
IGHV3-15*07	1	75	76	99	100	150	151	180	181	294	VH	0
IGHV3-15*08	1	75	76	99	100	150	151	180	181	294	VH	0
IGHV3-16*01	1	75	76	99	100	150	151	174	175	288	VH	0
IGHV3-16*02	1	75	76	99	100	150	151	174	175	288	VH	0
IGHV3-19*01	1	75	76	99	100	150	151	174	175	288	VH	0
IGHV3-20*01	1	75	76	99	100	150	151	174	175	288	VH	0
IGHV3-21*01	1	75	76	99	100	150	151	174	175	288	VH	0
IGHV3-21*02	1	75	76	99	100	150	151	174	175	288	VH	0
IGHV3-21*03	1	75	76	99	100	150	151	174	175	288	VH	0
IGHV3-21*04	1	75	76	99	100	150	151	174	175	288	VH	0
IGHV3-22*01	1	75	76	99	100	150	151	180	181	294	VH	0
IGHV3-22*02	1	75	76	99	100	150	151	180	181	294	VH	0
IGHV3-23*01	1	75	76	99	100	150	151	174	175	288	VH	0
IGHV3-23*02	1	75	76	99	100	150	151	174	175	288	VH	0
IGHV3-23*03	1	75	76	99	100	150	151	174	175	288	VH	0
IGHV3-23*04	1	75	76	99	100	150	151	174	175	288	VH	0
IGHV3-25*03	1	75	76	99	100	150	151	174	175	288	VH	0
IGHV3-25*04	1	75	76	99	100	150	151	174	175	288	VH	0
IGHV3-30*01	1	75	76	99	100	150	151	174	175	288	VH	0
IGHV3-30*02	1	75	76	99	100	150	151	174	175	288	VH	0
IGHV3-30*03	1	75	76	99	100	150	151	174	175	288	VH	0
IGHV3-30*04	1	75	76	99	100	150	151	174	175	288	VH	0
IGHV3-30*05	1	75	76	99	100	150	151	174	175	288	VH	0
IGHV3-30*06	1	75	76	99	100	150	151	174	175	288	VH	0
IGHV3-30*07	1	75	76	99	100	150	151	174	175	288	VH	0
IGHV3-30*08	1	75	76	99	100	150	151	174	175	288	VH	0
IGHV3-30*09	1	75	76	99	100	150	151	174	175	288	VH	0
IGHV3-30*10	1	75	76	99	100	150	151	174	175	288	VH	0
IGHV3-30*11	1	75	76	99	100	150	151	174	175	288	VH	0
IGHV3-30*12	1	75	76	99	100	150	151	174	175	288	VH	0
IGHV3-30*13	1	75	76	99	100	150	151	174	175	288	VH	0
IGHV3-30*14	1	75	76	99	100	150	151	174	175	288	VH	0
IGHV3-30*15	1	75	76	99	100	150	151	174	175	288	VH	0
IGHV3-30*16	1	75	76	99	100	150	151	174	175	288	VH	0
IGHV3-30*17	1	75	76	99	100	150	151	174	175	288	VH	0
IGHV3-30*18	1	75	76	99	100	150	151	174	175	288	VH	0
IGHV3-30*19	1	75	76	99	100	150	151	174	175	288	VH	0
IGHV3-30-3*01	1	75	76	99	100	150	151	174	175	288	VH	0
IGHV3-30-3*02	1	75	76	99	100	150	151	174	175	288	VH	0
IGHV3-33*01	1	75	76	99	100	150	151	174	175	288	VH	0
IGHV3-33*02	1	75	76	99	100	150	151	174	175	288	VH	0
IGHV3-33*03	1	75	76	99	100	150	151	174	175	288	VH	0
IGHV3-33*04	1	75	76	99	100	150	151	174	175	288	VH	0
IGHV3-33*05	1	75	76	99	100	150	151	174	175	288	VH	0
IGHV3-33*06	1	75	76	99	100	150	151	174	175	288	VH	0
IGHV3-35*01	1	75	76	99	100	150	151	174	175	288	VH	0
IGHV3-38*01	1	75	76	99	100	150	151	168	169	282	VH	0
IGHV3-38*02	1	75	76	99	100	150	151	168	169	282	VH	0
IGHV3-43*01	1	75	76	99	100	150	151	174	175	288	VH	0
IGHV3-43*02	1	75	76	99	100	150	151	174	175	288	VH	0
IGHV3-47*01	1	75	76	99	100	150	151	171	172	285	VH	0
IGHV3-47*02	1	75	76	99	100	150	151	171	172	285	VH	0
IGHV3-48*01	1	75	76	99	100	150	151	174	175	288	VH	0
IGHV3-48*02	1	75	76	99	100	150	151	174	175	288	VH	0
IGHV3-48*03	1	75	76	99	100	150	151	174	175	288	VH	0
IGHV3-48*04	1	75	76	99	100	150	151	174	175	288	VH	0
IGHV3-49*01	1	75	76	99	100	150	151	180	181	294	VH	0
IGHV3-49*02	1	75	76	99	100	150	151	180	181	294	VH	0
IGHV3-49*03	1	75	76	99	100	150	151	180	181	294	VH	0
IGHV3-49*04	1	75	76	99	100	150	151	180	181	294	VH	0
IGHV3-49*05	1	75	76	99	100	150	151	180	181	294	VH	0
IGHV3-52*01	1	75	76	99	100	150	151	174	175	288	VH	0
IGHV3-53*01	1	75	76	99	100	150	151	171	172	285	VH	0
IGHV3-53*02	1	75	76	99	100	150	151	171	172	285	VH	0
IGHV3-53*03	1	75	76	99	100	150	151	171	172	285	VH	0
IGHV3-53*04	1	75	76	99	100	150	151	171	172	285	VH	0
IGHV3-64*01	1	75	76	99	100	150	151	174	175	288	VH	0
IGHV3-64*02	1	75	76	99	100	150	151	174	175	288	VH	0
IGHV3-64*03	1	75	76	99	100	150	151	174	175	288	VH	0
IGHV3-64*04	1	75	76	99	100	150	151	174	175	288	VH	0
IGHV3-64*05	1	75	76	99	100	150	151	174	175	288	VH	0
IGHV3-66*01	1	75	76	99	100	150	151	171	172	285	VH	0
IGHV3-66*02	1	75	76	99	100	150	151	171	172	285	VH	0
IGHV3-66*03	1	75	76	99	100	150	151	171	172	285	VH	0
IGHV3-66*04	1	75	76	99	100	150	151	171	172	285	VH	0
IGHV3-7*01	1	75	76	99	100	150	151	174	175	288	VH	0
IGHV3-7*02	1	75	76	99	100	150	151	174	175	288	VH	0
IGHV3-7*03	1	75	76	99	100	150	151	174	175	288	VH	0
IGHV3-71*01	1	75	76	99	100	150	151	180	181	294	VH	0
IGHV3-72*01	1	75	76	99	100	150	151	180	181	294	VH	0
IGHV3-73*01	1	75	76	99	100	150	151	180	181	294	VH	0
IGHV3-73*02	1	75	76	99	100	150	151	180	181	294	VH	0
IGHV3-74*01	1	75	76	99	100	150	151	174	175	288	VH	0
IGHV3-74*02	1	75	76	99	100	150	151	174	175	288	VH	0
IGHV3-74*03	1	75	76	99	100	150	151	174	175	288	VH	0
IGHV3-9*01	1	75	76	99	100	150	151	174	175	288	VH	0
IGHV3-9*02	1	75	76	99	100	150	151	174	175	288	VH	0
IGHV3-NL1*01	1	75	76	99	100	150	151	174	175	288	VH	0
IGHV3-d*01	1	75	76	99	100	150	151	168	169	282	VH	0
IGHV3-h*01	1	75	76	99	100	150	151	171	172	285	VH	0
IGHV3-h*02	1	75	76	99	100	150	151	171	172	285	VH	0
IGHV3/OR15-7*01	1	75	76	99	100	150	151	180	181	294	VH	0
IGHV3/OR15-7*02	1	75	76	99	100	150	151	180	181	294	VH	0
IGHV3/OR15-7*03	1	75	76	99	100	150	151	180	181	294	VH	0
IGHV3/OR15-7*05	1	75	76	99	100	150	151	180	181	294	VH	0
IGHV3/OR16-10*01	1	75	76	99	100	150	151	171	172	285	VH	0
IGHV3/OR16-10*02	1	75	76	99	100	150	151	171	172	285	VH	0
IGHV3/OR16-10*03	1	75	76	99	100	150	151	171	172	285	VH	0
IGHV3/OR16-12*01	1	75	76	99	100	150	151	174	175	288	VH	0
IGHV3/OR16-13*01	1	75	76	99	100	150	151	174	175	288	VH	0
IGHV3/OR16-8*01	1	75	76	99	100	150	151	174	175	288	VH	0
IGHV3/OR16-8*02	1	75	76	99	100	150	151	174	175	288	VH	0
IGHV3/OR16-9*01	1	75	76	99	100	150	151	174	175	288	VH	0
IGHV4-28*01	1	75	76	102	103	153	154	174	175	288	VH	0
IGHV4-28*02	1	75	76	102	103	153	154	174	175	288	VH	0
IGHV4-28*03	1	75	76	102	103	153	154	174	175	288	VH	0
IGHV4-28*04	1	75	76	102	103	153	154	174	175	288	VH	0
IGHV4-28*06	1	75	76	102	103	153	154	174	175	288	VH	0
IGHV4-30-2*01	1	75	76	105	106	156	157	177	178	291	VH	0
IGHV4-30-2*02	1	75	76	105	106	156	157	177	178	291	VH	0
IGHV4-30-2*03	1	75	76	105	106	156	157	177	178	291	VH	0
IGHV4-30-2*05	1	75	76	105	106	156	157	177	178	291	VH	0
IGHV4-30-4*01	1	75	76	105	106	156	157	177	178	291	VH	0
IGHV4-30-4*02	1	75	76	105	106	156	157	177	178	291	VH	0
IGHV4-31*01	1	75	76	105	106	156	157	177	178	291	VH	0
IGHV4-31*02	1	75	76	105	106	156	157	177	178	291	VH	0
IGHV4-31*03	1	75	76	105	106	156	157	177	178	291	VH	0
IGHV4-31*04	1	75	76	105	106	156	157	177	178	291	VH	0
IGHV4-31*05	1	75	76	105	106	156	157	177	178	288	VH	0
IGHV4-31*10	1	75	76	105	106	156	157	177	178	291	VH	0
IGHV4-34*01	1	75	76	99	100	150	151	171	172	285	VH	0
IGHV4-34*02	1	75	76	99	100	150	151	171	172	285	VH	0
IGHV4-34*04	1	75	76	99	100	150	151	171	172	285	VH	0
IGHV4-34*05	1	75	76	99	100	150	151	171	172	285	VH	0
IGHV4-34*08	1	75	76	99	100	150	151	171	172	285	VH	0
IGHV4-34*09	1	75	76	99	100	150	151	171	172	285	VH	0
IGHV4-34*10	1	75	76	99	100	150	151	171	172	285	VH	0
IGHV4-34*11	1	75	76	99	100	150	151	171	172	285	VH	0
IGHV4-34*12	1	75	76	99	100	150	151	171	172	285	VH	0
IGHV4-39*01	1	75	76	105	106	156	157	177	178	291	VH	0
IGHV4-39*02	1	75	76	105	106	156	157	177	178	291	VH	0
IGHV4-39*05	1	75	76	105	106	156	157	177	178	291	VH	0
IGHV4-39*06	1	75	76	105	106	156	157	177	178	291	VH	0
IGHV4-39*07	1	75	76	105	106	156	157	177	178	291	VH	0
IGHV4-4*01	1	75	76	102	103	153	154	174	175	288	VH	0
IGHV4-4*02	1	75	76	102	103	153	154	174	175	288	VH	0
IGHV4-4*07	1	75	76	99	100	150	151	171	172	285	VH	0
IGHV4-55*01	1	75	76	102	103	153	154	174	175	288	VH	0
IGHV4-55*02	1	75	76	102	103	153	154	174	175	288	VH	0
IGHV4-55*08	1	75	76	102	103	153	154	174	175	288	VH	0
IGHV4-55*09	1	75	76	102	103	153	154	174	175	288	VH	0
IGHV4-59*01	1	75	76	99	100	150	151	171	172	285	VH	0
IGHV4-59*02	1	75	76	99	100	150	151	171	172	285	VH	0
IGHV4-59*03	1	75	76	99	100	150	151	171	172	285	VH	0
IGHV4-59*04	1	75	76	99	100	150	151	171	172	285	VH	0
IGHV4-59*05	1	75	76	99	100	150	151	171	172	285	VH	0
IGHV4-59*06	1	75	76	99	100	150	151	171	172	285	VH	0
IGHV4-59*07	1	75	76	99	100	150	151	171	172	285	VH	0
IGHV4-59*10	1	75	76	99	100	150	151	171	172	285	VH	0
IGHV4-61*01	1	75	76	105	106	156	157	177	178	291	VH	0
IGHV4-61*02	1	75	76	105	106	156	157	177	178	291	VH	0
IGHV4-61*03	1	75	76	105	106	156	157	177	178	291	VH	0
IGHV4-61*05	1	75	76	105	106	156	157	177	178	291	VH	0
IGHV4-61*08	1	75	76	105	106	156	157	177	178	291	VH	0
IGHV4-b*01	1	75	76	102	103	153	154	174	175	288	VH	0
IGHV4-b*02	1	75	76	102	103	153	154	174	175	288	VH	0
IGHV4/OR15-8*01	1	75	76	102	103	153	154	174	175	288	VH	0
IGHV4/OR15-8*02	1	75	76	102	103	153	154	174	175	288	VH	0
IGHV4/OR15-8*03	1	75	76	102	103	153	154	174	175	288	VH	0
IGHV5-51*01	1	75	76	99	100	150	151	174	175	288	VH	0
IGHV5-51*02	1	75	76	99	100	150	151	174	175	288	VH	0
IGHV5-51*03	1	75	76	99	100	150	151	174	175	288	VH	0
IGHV5-51*04	1	75	76	99	100	150	151	174	175	288	VH	0
IGHV5-78*01	1	75	76	99	100	150	151	174	175	288	VH	0
IGHV5-a*01	1	75	76	99	100	150	151	174	175	288	VH	0
IGHV5-a*02	1	75	76	99	100	150	151	174	175	287	VH	0
IGHV5-a*03	1	75	76	99	100	150	151	174	175	288	VH	0
IGHV5-a*04	1	75	76	99	100	150	151	174	175	288	VH	0
IGHV6-1*01	1	75	76	105	106	156	157	183	184	297	VH	0
IGHV6-1*02	1	75	76	105	106	156	157	183	184	297	VH	0
IGHV7-4-1*01	1	75	76	99	100	150	151	174	175	288	VH	0
IGHV7-4-1*02	1	75	76	99	100	150	151	174	175	288	VH	0
IGHV7-4-1*04	1	75	76	99	100	150	151	174	175	288	VH	0
IGHV7-4-1*05	1	75	76	99	100	150	151	174	175	288	VH	0
IGHV7-81*01	1	75	76	99	100	150	151	174	175	288	VH	0
IGKV1-12*01	1	78	79	96	97	147	148	156	157	264	VK	0
IGKV1-12*02	1	78	79	96	97	147	148	156	157	264	VK	0
IGKV1-13*01	1	78	79	96	97	147	148	156	157	264	VK	0
IGKV1-13*02	1	78	79	96	97	147	148	156	157	264	VK	0
IGKV1-16*01	1	78	79	96	97	147	148	156	157	264	VK	0
IGKV1-16*02	1	78	79	96	97	147	148	156	157	264	VK	0
IGKV1-17*01	1	78	79	96	97	147	148	156	157	264	VK	0
IGKV1-17*02	1	78	79	96	97	147	148	156	157	264	VK	0
IGKV1-27*01	1	78	79	96	97	147	148	156	157	264	VK	0
IGKV1-33*01	1	78	79	96	97	147	148	156	157	264	VK	0
IGKV1-37*01	1	78	79	96	97	147	148	156	157	264	VK	0
IGKV1-39*01	1	78	79	96	97	147	148	156	157	264	VK	0
IGKV1-39*02	1	78	79	96	97	147	148	156	157	264	VK	0
IGKV1-5*01	1	78	79	96	97	147	148	156	157	264	VK	0
IGKV1-5*02	1	78	79	96	97	147	148	156	157	264	VK	0
IGKV1-5*03	1	78	79	96	97	147	148	156	157	264	VK	0
IGKV1-6*01	1	78	79	96	97	147	148	156	157	264	VK	0
IGKV1-8*01	1	78	79	96	97	147	148	156	157	264	VK	0
IGKV1-9*01	1	78	79	96	97	147	148	156	157	264	VK	0
IGKV1-NL1*01	1	78	79	96	97	147	148	156	157	264	VK	0
IGKV1D-12*01	1	78	79	96	97	147	148	156	157	264	VK	0
IGKV1D-12*02	1	78	79	96	97	147	148	156	157	264	VK	0
IGKV1D-13*01	1	78	79	96	97	147	148	156	157	264	VK	0
IGKV1D-16*01	1	78	79	96	97	147	148	156	157	264	VK	0
IGKV1D-16*02	1	78	79	96	97	147	148	156	157	264	VK	0
IGKV1D-17*01	1	78	79	96	97	147	148	156	157	264	VK	0
IGKV1D-17*02	1	78	79	96	97	147	148	156	157	264	VK	0
IGKV1D-33*01	1	78	79	96	97	147	148	156	157	264	VK	0
IGKV1D-37*01	1	78	79	96	97	147	148	156	157	264	VK	0
IGKV1D-39*01	1	78	79	96	97	147	148	156	157	264	VK	0
IGKV1D-42*01	1	78	79	96	97	147	148	156	157	264	VK	0
IGKV1D-43*01	1	78	79	96	97	147	148	156	157	264	VK	0
IGKV1D-8*01	1	78	79	96	97	147	148	156	157	264	VK	0
IGKV2-18*01	1	78	79	111	112	162	163	171	172	279	VK	0
IGKV2-24*01	1	78	79	111	112	162	163	171	172	279	VK	0
IGKV2-28*01	1	78	79	111	112	162	163	171	172	279	VK	0
IGKV2-29*01	1	78	79	111	112	162	163	171	172	279	VK	0
IGKV2-29*02	1	78	79	111	112	162	163	171	172	279	VK	0
IGKV2-29*03	1	78	79	111	112	162	163	171	172	279	VK	0
IGKV2-30*01	1	78	79	111	112	162	163	171	172	279	VK	0
IGKV2-30*02	1	78	79	111	112	162	163	171	172	279	VK	0
IGKV2-4*01	1	78	79	111	112	162	163	171	172	279	VK	0
IGKV2-40*01	1	78	79	114	115	165	166	174	175	282	VK	0
IGKV2D-18*01	1	78	79	111	112	162	163	171	172	279	VK	0
IGKV2D-24*01	1	78	79	111	112	162	163	171	172	279	VK	0
IGKV2D-26*01	1	78	79	111	112	162	163	171	172	279	VK	0
IGKV2D-26*02	1	78	79	111	112	162	163	171	172	279	VK	0
IGKV2D-28*01	1	78	79	111	112	162	163	171	172	279	VK	0
IGKV2D-29*01	1	78	79	111	112	162	163	171	172	279	VK	0
IGKV2D-29*02	1	78	79	111	112	162	163	171	172	279	VK	0
IGKV2D-30*01	1	78	79	111	112	162	163	171	172	279	VK	0
IGKV2D-40*01	1	78	79	114	115	165	166	174	175	282	VK	0
IGKV3-11*01	1	78	79	96	97	147	148	156	157	264	VK	0
IGKV3-11*02	1	78	79	96	97	147	148	156	157	264	VK	0
IGKV3-15*01	1	78	79	96	97	147	148	156	157	264	VK	0
IGKV3-20*01	1	78	79	99	100	150	151	159	160	267	VK	0
IGKV3-20*02	1	78	79	99	100	150	151	159	160	267	VK	0
IGKV3-7*01	1	78	79	99	100	150	151	159	160	267	VK	0
IGKV3-7*02	1	78	79	99	100	150	151	159	160	267	VK	0
IGKV3-7*03	1	78	79	99	100	150	151	159	160	267	VK	0
IGKV3-7*04	1	78	79	99	100	150	151	159	160	267	VK	0
IGKV3-NL1*01	1	78	79	96	97	147	148	156	157	264	VK	0
IGKV3-NL2*01	1	78	79	96	97	147	148	156	157	264	VK	0
IGKV3-NL3*01	1	78	79	99	100	150	151	159	160	267	VK	0
IGKV3-NL4*01	1	78	79	96	97	147	148	156	157	264	VK	0
IGKV3-NL5*01	1	78	79	99	100	150	151	159	160	267	VK	0
IGKV3D-11*01	1	78	79	96	97	147	148	156	157	264	VK	0
IGKV3D-15*01	1	78	79	96	97	147	148	156	157	264	VK	0
IGKV3D-15*02	1	78	79	96	97	147	148	156	157	264	VK	0
IGKV3D-20*01	1	78	79	99	100	150	151	159	160	267	VK	0
IGKV3D-7*01	1	78	79	99	100	150	151	159	160	267	VK	0
IGKV4-1*01	1	78	79	114	115	165	166	174	175	282	VK	0
IGKV5-2*01	1	78	79	96	97	147	148	156	157	264	VK	0
IGKV6-21*01	1	78	79	96	97	147	148	156	157	264	VK	0
IGKV6D-21*01	1	78	79	96	97	147	148	156	157	264	VK	0
IGKV6D-41*01	1	78	79	96	97	147	148	156	157	264	VK	0
IGKV7-3*01	1	78	79	108	109	159	160	168	169	276	VK	0
IGLV1-36*01	1	75	76	99	100	150	151	159	160	267	VL	0
IGLV1-40*01	1	75	76	102	103	153	154	162	163	270	VL	0
IGLV1-40*02	1	75	76	102	103	153	154	162	163	270	VL	0
IGLV1-40*03	1	75	76	102	103	153	154	162	163	270	VL	0
IGLV1-41*01	1	75	76	99	100	150	151	159	160	267	VL	0
IGLV1-41*02	1	75	76	99	100	150	151	159	160	267	VL	0
IGLV1-44*01	1	75	76	99	100	150	151	159	160	267	VL	0
IGLV1-47*01	1	75	76	99	100	150	151	159	160	267	VL	0
IGLV1-47*02	1	75	76	99	100	150	151	159	160	267	VL	0
IGLV1-50*01	1	75	76	102	103	153	154	162	163	270	VL	0
IGLV1-51*01	1	75	76	99	100	150	151	159	160	267	VL	0
IGLV1-51*02	1	75	76	99	100	150	151	159	160	267	VL	0
IGLV10-54*01	1	75	76	99	100	150	151	159	160	267	VL	0
IGLV10-54*02	1	75	76	99	100	150	151	159	160	267	VL	0
IGLV10-54*03	1	75	76	99	100	150	151	159	160	267	VL	0
IGLV11-55*01	1	75	76	102	103	153	154	174	175	288	VL	0
IGLV2-11*01	1	75	76	102	103	153	154	162	163	270	VL	0
IGLV2-11*02	1	75	76	102	103	153	154	162	163	270	VL	0
IGLV2-14*01	1	75	76	102	103	153	154	162	163	270	VL	0
IGLV2-14*02	1	75	76	102	103	153	154	162	163	270	VL	0
IGLV2-18*01	1	75	76	102	103	153	154	162	163	270	VL	0
IGLV2-18*02	1	75	76	102	103	153	154	162	163	270	VL	0
IGLV2-18*03	1	75	76	102	103	153	154	162	163	270	VL	0
IGLV2-18*04	1	75	76	102	103	153	154	162	163	270	VL	0
IGLV2-23*01	1	75	76	102	103	153	154	162	163	270	VL	0
IGLV2-23*02	1	75	76	102	103	153	154	162	163	270	VL	0
IGLV2-23*03	1	75	76	102	103	153	154	162	163	270	VL	0
IGLV2-33*01	1	75	76	102	103	153	154	162	163	270	VL	0
IGLV2-33*02	1	75	76	102	103	153	154	162	163	270	VL	0
IGLV2-33*03	1	75	76	102	103	153	154	162	163	270	VL	0
IGLV2-8*01	1	75	76	102	103	153	154	162	163	270	VL	0
IGLV2-8*02	1	75	76	102	103	153	154	162	163	270	VL	0
IGLV3-1*01	1	75	76	93	94	144	145	153	154	261	VL	0
IGLV3-10*01	1	75	76	93	94	144	145	153	154	261	VL	0
IGLV3-10*02	1	75	76	93	94	144	145	153	154	261	VL	0
IGLV3-12*01	1	75	76	93	94	144	145	153	154	261	VL	0
IGLV3-12*02	1	75	76	93	94	144	145	153	154	261	VL	0
IGLV3-13*01	1	75	76	93	94	144	145	153	154	261	VL	0
IGLV3-16*01	1	75	76	93	94	144	145	153	154	261	VL	0
IGLV3-19*01	1	75	76	93	94	144	145	153	154	261	VL	0
IGLV3-21*01	1	75	76	93	94	144	145	153	154	261	VL	0
IGLV3-21*02	1	75	76	93	94	144	145	153	154	261	VL	0
IGLV3-21*03	1	75	76	93	94	144	145	153	154	261	VL	0
IGLV3-22*01	1	75	76	93	94	144	145	153	154	261	VL	0
IGLV3-25*01	1	75	76	93	94	144	145	153	154	261	VL	0
IGLV3-25*02	1	75	76	93	94	144	145	153	154	261	VL	0
IGLV3-25*03	1	75	76	93	94	144	145	153	154	261	VL	0
IGLV3-27*01	1	75	76	93	94	144	145	153	154	261	VL	0
IGLV3-32*01	1	75	76	93	94	144	145	153	154	261	VL	0
IGLV3-9*01	1	75	76	93	94	144	145	153	154	261	VL	0
IGLV3-9*02	1	75	76	93	94	144	145	153	154	261	VL	0
IGLV4-3*01	1	75	76	96	97	147	148	168	169	276	VL	0
IGLV4-60*01	1	75	76	96	97	147	148	168	169	276	VL	0
IGLV4-60*02	1	75	76	96	97	147	148	168	169	276	VL	0
IGLV4-60*03	1	75	76	96	97	147	148	168	169	276	VL	0
IGLV4-69*01	1	75	76	96	97	147	148	168	169	276	VL	0
IGLV4-69*02	1	75	76	96	97	147	148	168	169	276	VL	0
IGLV5-37*01	1	75	76	102	103	153	154	174	175	288	VL	0
IGLV5-39*01	1	75	76	102	103	153	154	174	175	288	VL	0
IGLV5-39*02	1	75	76	102	103	153	154	174	175	288	VL	0
IGLV5-45*01	1	75	76	102	103	153	154	174	175	288	VL	0
IGLV5-45*02	1	75	76	102	103	153	154	174	175	288	VL	0
IGLV5-45*03	1	75	76	102	103	153	154	174	175	288	VL	0
IGLV5-48*01	1	75	76	102	103	153	154	174	175	288	VL	0
IGLV5-52*01	1	75	76	102	103	153	154	174	175	288	VL	0
IGLV6-57*01	1	75	76	99	100	150	151	159	160	273	VL	0
IGLV7-43*01	1	75	76	102	103	153	154	162	163	270	VL	0
IGLV7-46*01	1	75	76	102	103	153	154	162	163	270	VL	0
IGLV7-46*02	1	75	76	102	103	153	154	162	163	270	VL	0
IGLV8-61*01	1	75	76	102	103	153	154	162	163	270	VL	0
IGLV8-61*02	1	75	76	102	103	153	154	162	163	270	VL	0
IGLV8/OR8-1*02	1	75	76	102	103	153	154	162	163	270	VL	0
IGLV9-49*01	1	75	76	96	97	147	148	171	172	279	VL	0
IGLV9-49*02	1	75	76	96	97	147	148	171	172	279	VL	0
IGLV9-49*03	1	75	76	96	97	147	148	171	172	279	VL	0
L1	1	78	79	96	97	147	148	156	157	264	VK	0
L10	1	78	79	99	100	150	151	159	160	267	VK	0
L10a	1	78	79	99	100	150	151	159	160	267	VK	0
L11	1	78	79	96	97	147	148	156	157	264	VK	0
L12	1	78	79	96	97	147	148	156	157	264	VK	0
L12a	1	78	79	96	97	147	148	156	157	264	VK	0
L14	1	78	79	96	97	147	148	156	157	264	VK	0
L15	1	78	79	96	97	147	148	156	157	264	VK	0
L15a	1	78	79	96	97	147	148	156	157	264	VK	0
L16	1	78	79	96	97	147	148	156	157	264	VK	0
L18	1	78	79	96	97	147	148	156	157	264	VK	0
L19	1	78	79	96	97	147	148	156	157	264	VK	0
L2	1	78	79	96	97	147	148	156	157	264	VK	0
L20	1	78	79	96	97	147	148	156	157	264	VK	0
L22	1	78	79	96	97	147	148	156	157	264	VK	0
L23	1	78	79	96	97	147	148	156	157	264	VK	0
L24	1	78	79	96	97	147	148	156	157	264	VK	0
L4/18a	1	78	79	96	97	147	148	156	157	264	VK	0
L5	1	78	79	96	97	147	148	156	157	264	VK	0
L6	1	78	79	96	97	147	148	156	157	264	VK	0
L8	1	78	79	96	97	147	148	156	157	264	VK	0
L9	1	78	79	96	97	147	148	156	157	264	VK	0
O1	1	78	79	114	115	165	166	174	175	282	VK	0
O11	1	78	79	114	115	165	166	174	175	282	VK	0
O12	1	78	79	96	97	147	148	156	157	264	VK	0
O12a	1	78	79	96	97	147	148	156	157	264	VK	0
O14	1	78	79	96	97	147	148	156	157	264	VK	0
O18	1	78	79	96	97	147	148	156	157	264	VK	0
O2	1	78	79	96	97	147	148	156	157	264	VK	0
O4	1	78	79	96	97	147	148	156	157	264	VK	0
O8	1	78	79	96	97	147	148	156	157	264	VK	0
V1-11	1	75	76	99	100	150	151	159	160	267	VL	0
V1-13	1	75	76	102	103	153	154	162	163	270	VL	0
V1-16	1	75	76	99	100	150	151	159	160	267	VL	0
V1-17	1	75	76	99	100	150	151	159	160	267	VL	0
V1-18	1	75	76	102	103	153	154	162	163	270	VL	0
V1-19	1	75	76	99	100	150	151	159	160	267	VL	0
V1-2	1	75	76	102	103	153	154	162	163	270	VL	0
V1-20	1	75	76	99	100	150	151	159	160	267	VL	0
V1-22	1	75	76	99	100	150	151	159	160	273	VL	0
V1-3	1	75	76	102	103	153	154	162	163	270	VL	0
V1-4	1	75	76	102	103	153	154	162	163	270	VL	0
V1-5	1	75	76	102	103	153	154	162	163	270	VL	0
V1-7	1	75	76	102	103	153	154	162	163	270	VL	0
V1-9	1	75	76	102	103	153	154	162	163	270	VL	0
V2-1	1	75	76	93	94	144	145	153	154	261	VL	0
V2-11	1	75	76	93	94	144	145	153	154	261	VL	0
V2-13	1	75	76	93	94	144	145	153	154	261	VL	0
V2-14	1	75	76	93	94	144	145	153	154	261	VL	0
V2-15	1	75	76	93	94	144	145	153	154	261	VL	0
V2-17	1	75	76	93	94	144	145	153	154	261	VL	0
V2-19	1	75	76	93	94	144	145	153	154	261	VL	0
V2-6	1	75	76	93	94	144	145	153	154	261	VL	0
V2-7	1	75	76	93	94	144	145	153	154	261	VL	0
V2-8	1	75	76	93	94	144	145	153	154	261	VL	0
V3-2	1	75	76	102	103	153	154	162	163	270	VL	0
V3-3	1	75	76	102	103	153	154	162	163	270	VL	0
V3-4	1	75	76	102	103	153	154	162	163	270	VL	0
V4-1	1	75	76	102	103	153	154	174	175	288	VL	0
V4-2	1	75	76	102	103	153	154	174	175	288	VL	0
V4-3	1	75	76	102	103	153	154	174	175	288	VL	0
V4-4	1	75	76	102	103	153	154	174	175	288	VL	0
V4-6	1	75	76	102	103	153	154	174	175	288	VL	0
V5-1	1	75	76	96	97	147	148	168	169	276	VL	0
V5-2	1	75	76	96	97	147	148	171	172	279	VL	0
V5-4	1	75	76	96	97	147	148	168	169	276	VL	0
V5-6	1	75	76	96	97	147	148	168	169	276	VL	0
VH1-18	1	75	76	99	100	150	151	174	175	288	VH	0
VH1-2	1	75	76	99	100	150	151	174	175	288	VH	0
VH1-24	1	75	76	99	100	150	151	174	175	288	VH	0
VH1-3	1	75	76	99	100	150	151	174	175	288	VH	0
VH1-45	1	75	76	99	100	150	151	174	175	288	VH	0
VH1-46	1	75	76	99	100	150	151	174	175	288	VH	0
VH1-58	1	75	76	99	100	150	151	174	175	288	VH	0
VH1-69	1	75	76	99	100	150	151	174	175	288	VH	0
VH1-8	1	75	76	99	100	150	151	174	175	288	VH	0
VH2-26	1	75	76	105	106	156	157	177	178	291	VH	0
VH2-5	1	75	76	105	106	156	157	177	178	291	VH	0
VH2-70	1	75	76	105	106	156	157	177	178	291	VH	0
VH3-11	1	75	76	99	100	150	151	174	175	288	VH	0
VH3-13	1	75	76	99	100	150	151	171	172	285	VH	0
VH3-15	1	75	76	99	100	150	151	180	181	294	VH	0
VH3-16	1	75	76	99	100	150	151	174	175	288	VH	0
VH3-20	1	75	76	99	100	150	151	174	175	288	VH	0
VH3-21	1	75	76	99	100	150	151	174	175	288	VH	0
VH3-23	1	75	76	99	100	150	151	174	175	288	VH	0
VH3-30	1	75	76	99	100	150	151	174	175	288	VH	0
VH3-33	1	75	76	99	100	150	151	174	175	288	VH	0
VH3-35	1	75	76	99	100	150	151	174	175	288	VH	0
VH3-38	1	75	76	99	100	150	151	168	169	282	VH	0
VH3-43	1	75	76	99	100	150	151	174	175	288	VH	0
VH3-48	1	75	76	99	100	150	151	174	175	288	VH	0
VH3-49	1	75	76	99	100	150	151	180	181	294	VH	0
VH3-53	1	75	76	99	100	150	151	171	172	285	VH	0
VH3-64	1	75	76	99	100	150	151	174	175	288	VH	0
VH3-66	1	75	76	99	100	150	151	171	172	285	VH	0
VH3-7	1	75	76	99	100	150	151	174	175	288	VH	0
VH3-72	1	75	76	99	100	150	151	180	181	294	VH	0
VH3-73	1	75	76	99	100	150	151	180	181	294	VH	0
VH3-74	1	75	76	99	100	150	151	174	175	288	VH	0
VH3-9	1	75	76	99	100	150	151	174	175	288	VH	0
VH4-28	1	75	76	102	103	153	154	174	175	288	VH	0
VH4-31	1	75	76	105	106	156	157	177	178	291	VH	0
VH4-34	1	75	76	99	100	150	151	171	172	285	VH	0
VH4-39	1	75	76	105	106	156	157	177	178	291	VH	0
VH4-4	1	75	76	99	100	150	151	171	172	285	VH	0
VH4-59	1	75	76	99	100	150	151	171	172	285	VH	0
VH4-61	1	75	76	105	106	156	157	177	178	291	VH	0
VH5-51	1	75	76	99	100	150	151	174	175	288	VH	0
VH6-1	1	75	76	105	106	156	157	183	184	297	VH	0
VH7-81	1	75	76	99	100	150	151	174	175	288	VH	0
TRAV1-1*01      1       75      76      93      94      144     145     162     163     264     VA      0
TRAV1-1*02      1       75      76      93      94      144     145     162     163     264     VA      0
TRAV1-2*01      1       75      76      93      94      144     145     162     163     264     VA      0
TRAV10*01       1       78      79      96      97      147     148     168     169     270     VA      0
TRAV11*01       1       78      79      96      97      147     148     168     169     270     VA      0
TRAV12-1*01     1       78      79      96      97      147     148     165     166     264     VA      0
TRAV12-1*02     1       78      79      96      97      147     148     165     166     264     VA      0
TRAV12-2*01     1       78      79      96      97      147     148     165     166     267     VA      0
TRAV12-2*02     1       78      79      96      97      147     148     165     166     267     VA      0
TRAV12-3*01     1       78      79      96      97      147     148     165     166     267     VA      0
TRAV12-3*02     1       78      79      96      97      147     148     165     166     267     VA      0
TRAV13-1*01     1       78      79      96      97      147     148     168     169     270     VA      0
TRAV13-1*02     1       78      79      96      97      147     148     168     169     270     VA      0
TRAV13-2*01     1       78      79      96      97      147     148     168     169     270     VA      0
TRAV13-2*02     1       78      79      96      97      147     148     168     169     270     VA      0
TRAV14/DV4*01   1       78      79      99      100     150     151     174     175     276     VA      0
TRAV14/DV4*02   1       78      79      99      100     150     151     174     175     276     VA      0
TRAV14/DV4*03   1       78      79      99      100     150     151     174     175     276     VA      0
TRAV16*01       1       78      79      96      97      147     148     159     160     261     VA      0
TRAV17*01       1       78      79      93      94      144     145     165     166     267     VA      0
TRAV18*01       1       78      79      96      97      147     148     165     166     267     VA      0
TRAV19*01       1       78      79      99      100     150     151     174     175     276     VA      0
TRAV2*01        1       75      76      93      94      144     145     156     157     252     VA      0
TRAV2*02        1       75      76      93      94      144     145     156     157     252     VA      0
TRAV20*01       1       78      79      96      97      147     148     168     169     264     VA      0
TRAV20*02       1       78      79      96      97      147     148     168     169     264     VA      0
TRAV20*03       1       78      79      96      97      147     148     168     169     264     VA      0
TRAV20*04       1       78      79      96      97      147     148     168     169     264     VA      0
TRAV21*01       1       78      79      96      97      147     148     168     169     270     VA      0
TRAV22*01       1       78      79      93      94      144     145     159     160     261     VA      0
TRAV23/DV6*01   1       78      79      96      97      147     148     168     169     270     VA      0
TRAV23/DV6*02   1       78      79      96      97      147     148     168     169     270     VA      0
TRAV23/DV6*03   1       78      79      96      97      147     148     168     169     270     VA      0
TRAV24*01       1       78      79      96      97      147     148     168     169     270     VA      0
TRAV24*02       1       78      79      96      97      147     148     168     169     270     VA      0
TRAV25*01       1       78      79      93      94      144     145     165     166     267     VA      0
TRAV26-1*01     1       75      76      96      97      147     148     162     163     264     VA      0
TRAV26-1*02     1       75      76      96      97      147     148     162     163     264     VA      0
TRAV26-1*03     1       75      76      96      97      147     148     162     163     264     VA      0
TRAV26-2*01     1       75      76      96      97      147     148     162     163     264     VA      0
TRAV27*01       1       78      79      93      94      144     145     165     166     267     VA      0
TRAV27*02       1       78      79      93      94      144     145     165     166     267     VA      0
TRAV27*03       1       78      79      93      94      144     145     165     166     267     VA      0
TRAV29/DV5*01   1       78      79      96      97      147     148     168     169     270     VA      0
TRAV29/DV5*02   1       78      79      96      97      147     148     168     169     270     VA      0
TRAV3*01        1       78      79      96      97      147     148     171     172     273     VA      0
TRAV30*01       1       75      76      90      91      141     142     162     163     264     VA      0
TRAV34*01       1       78      79      93      94      144     145     165     166     267     VA      0
TRAV35*01       1       78      79      93      94      144     145     165     166     267     VA      0
TRAV35*02       1       78      79      93      94      144     145     165     166     267     VA      0
TRAV36/DV7*01   1       78      79      96      97      144     145     165     166     267     VA      0
TRAV36/DV7*02   1       78      79      96      97      144     145     165     166     267     VA      0
TRAV36/DV7*03   1       78      79      96      97      144     145     165     166     267     VA      0
TRAV36/DV7*04   1       78      79      96      97      144     145     165     166     267     VA      0
TRAV38-1*01     1       78      79      99      100     150     151     174     175     276     VA      0
TRAV38-1*02     1       78      79      99      100     150     151     174     175     276     VA      0
TRAV38-1*03     1       78      79      99      100     150     151     174     175     276     VA      0
TRAV38-1*04     1       78      79      99      100     150     151     174     175     276     VA      0
TRAV38-2/DV8*01 1       78      79      99      100     150     151     174     175     276     VA      0
TRAV39*01       1       78      79      93      94      144     145     165     166     267     VA      0
TRAV4*01        1       75      76      96      97      147     148     162     163     264     VA      0
TRAV40*01       1       75      76      93      94      144     145     156     157     252     VA      0
TRAV41*01       1       78      79      93      94      144     145     159     160     261     VA      0
TRAV5*01        1       75      76      93      94      144     145     165     166     267     VA      0
TRAV6*01        1       78      79      96      97      147     148     168     169     270     VA      0
TRAV6*02        1       78      79      96      97      147     148     168     169     270     VA      0
TRAV7*01        1       78      79      96      97      147     148     168     169     264     VA      0
TRAV8-1*01      1       78      79      96      97      147     148     171     172     273     VA      0
TRAV8-2*01      1       78      79      96      97      147     148     171     172     273     VA      0
TRAV8-2*02      1       78      79      96      97      147     148     171     172     273     VA      0
TRAV8-3*01      1       78      79      96      97      147     148     171     172     273     VA      0
TRAV8-3*02      1       78      79      96      97      147     148     171     172     273     VA      0
TRAV8-3*03      1       78      79      96      97      147     148     171     172     273     VA      0
TRAV8-4*01      1       78      79      96      97      147     148     171     172     273     VA      0
TRAV8-4*02      1       78      79      96      97      147     148     171     172     273     VA      0
TRAV8-4*03      1       78      79      96      97      147     148     171     172     273     VA      0
TRAV8-4*04      1       78      79      96      97      147     148     171     172     273     VA      0
TRAV8-4*05      1       78      79      96      97      147     148     171     172     273     VA      0
TRAV8-6*01      1       78      79      96      97      147     148     171     172     273     VA      0
TRAV8-6*02      1       78      79      96      97      147     148     171     172     273     VA      0
TRAV8-7*01      1       78      79      96      97      147     148     171     172     273     VA      0
TRAV9-1*01      1       78      79      96      97      147     148     168     169     270     VA      0
TRAV9-2*01      1       78      79      96      97      147     148     168     169     270     VA      0
TRAV9-2*02      1       78      79      96      97      147     148     168     169     270     VA      0
TRAV9-2*03      1       78      79      96      97      147     148     168     169     270     VA      0
TRAV9-2*04      1       78      79      96      97      147     148     168     169     270     VA      0
TRBV10-1*01     1       78      79      93      94      144     145     162     163     273     VB      0
TRBV10-1*02     1       78      79      93      94      144     145     162     163     273     VB      0
TRBV10-2*01     1       78      79      93      94      144     145     162     163     273     VB      0
TRBV10-3*01     1       78      79      93      94      144     145     162     163     273     VB      0
TRBV10-3*02     1       78      79      93      94      144     145     162     163     273     VB      0
TRBV10-3*03     1       78      79      93      94      144     145     162     163     273     VB      0
TRBV10-3*04     1       78      79      93      94      144     145     162     163     273     VB      0
TRBV11-1*01     1       78      79      93      94      144     145     162     163     276     VB      0
TRBV11-2*01     1       78      79      93      94      144     145     162     163     276     VB      0
TRBV11-2*02     1       78      79      93      94      144     145     162     163     276     VB      0
TRBV11-2*03     1       78      79      93      94      144     145     162     163     276     VB      0
TRBV11-3*01     1       78      79      93      94      144     145     162     163     276     VB      0
TRBV11-3*02     1       78      79      93      94      144     145     162     163     276     VB      0
TRBV12-3*01     1       78      79      93      94      144     145     162     163     276     VB      0
TRBV12-4*01     1       78      79      93      94      144     145     162     163     276     VB      0
TRBV12-4*02     1       78      79      93      94      144     145     162     163     276     VB      0
TRBV12-5*01     1       78      79      93      94      144     145     162     163     276     VB      0
TRBV13*01       1       78      79      93      94      144     145     162     163     273     VB      0
TRBV13*02       1       78      79      93      94      144     145     162     163     273     VB      0
TRBV14*01       1       78      79      93      94      144     145     162     163     276     VB      0
TRBV14*02       1       78      79      93      94      144     145     162     163     276     VB      0
TRBV15*01       1       78      79      93      94      144     145     162     163     273     VB      0
TRBV15*02       1       78      79      93      94      144     145     162     163     273     VB      0
TRBV15*03       1       78      79      93      94      144     145     162     163     273     VB      0
TRBV16*01       1       78      79      93      94      144     145     162     163     276     VB      0
TRBV16*03       1       78      79      93      94      144     145     162     163     276     VB      0
TRBV17*01       1       78      79      93      94      144     145     162     163     276     VB      0
TRBV18*01       1       78      79      93      94      144     145     162     163     276     VB      0
TRBV19*01       1       78      79      93      94      144     145     162     163     273     VB      0
TRBV19*02       1       78      79      93      94      144     145     162     163     273     VB      0
TRBV19*03       1       78      79      93      94      144     145     162     163     273     VB      0
TRBV2*01        1       78      79      93      94      144     145     162     163     276     VB      0
TRBV2*02        1       78      79      93      94      144     145     162     163     276     VB      0
TRBV2*03        1       78      79      93      94      144     145     162     163     276     VB      0
TRBV20-1*01     1       78      79      96      97      147     148     168     169     282     VB      0
TRBV20-1*02     1       78      79      96      97      147     148     168     169     282     VB      0
TRBV20-1*03     1       78      79      96      97      147     148     168     169     282     VB      0
TRBV20-1*04     1       78      79      96      97      147     148     168     169     282     VB      0
TRBV20-1*05     1       78      79      96      97      147     148     168     169     282     VB      0
TRBV20-1*06     1       78      79      96      97      147     148     168     169     282     VB      0
TRBV20-1*07     1       78      79      96      97      147     148     168     169     282     VB      0
TRBV20/OR9-2*01 1       78      79      96      97      147     148     168     169     282     VB      0
TRBV20/OR9-2*02 1       78      79      96      97      147     148     168     169     282     VB      0
TRBV20/OR9-2*03 1       78      79      96      97      147     148     168     169     282     VB      0
TRBV23-1*01     1       78      79      93      94      144     145     162     163     276     VB      0
TRBV24-1*01     1       78      79      93      94      144     145     162     163     273     VB      0
TRBV24/OR9-2*01 1       78      79      93      94      144     145     162     163     273     VB      0
TRBV25-1*01     1       78      79      93      94      144     145     162     163     273     VB      0
TRBV27*01       1       78      79      93      94      144     145     162     163     273     VB      0
TRBV28*01       1       78      79      93      94      144     145     162     163     273     VB      0
TRBV29-1*01     1       78      79      93      94      144     145     165     166     279     VB      0
TRBV29-1*02     1       78      79      93      94      144     145     165     166     279     VB      0
TRBV29/OR9-2*01 1       78      79      93      94      144     145     165     166     279     VB      0
TRBV29/OR9-2*02 1       78      79      93      94      144     145     165     166     279     VB      0
TRBV3-1*01      1       78      79      93      94      144     145     162     163     273     VB      0
TRBV3-1*02      1       78      79      93      94      144     145     162     163     273     VB      0
TRBV3-2*03      1       78      79      93      94      144     145     162     163     273     VB      0
TRBV30*01       1       78      79      96      97      147     148     162     163     273     VB      0
TRBV30*02       1       78      79      96      97      147     148     162     163     273     VB      0
TRBV30*04       1       72      73      90      91      141     142     156     157     267     VB      0
TRBV30*05       1       78      79      96      97      147     148     162     163     273     VB      0
TRBV4-1*01      1       78      79      93      94      144     145     162     163     273     VB      0
TRBV4-2*01      1       78      79      93      94      144     145     162     163     273     VB      0
TRBV4-2*02      1       78      79      93      94      144     145     162     163     273     VB      0
TRBV4-3*01      1       78      79      93      94      144     145     162     163     273     VB      0
TRBV4-3*02      1       78      79      93      94      144     145     162     163     273     VB      0
TRBV4-3*03      1       78      79      93      94      144     145     162     163     273     VB      0
TRBV5-1*01      1       78      79      93      94      144     145     162     163     273     VB      0
TRBV5-1*02      1       78      79      93      94      144     145     162     163     273     VB      0
TRBV5-3*01      1       78      79      93      94      144     145     162     163     273     VB      0
TRBV5-3*02      1       78      79      93      94      144     145     162     163     273     VB      0
TRBV5-4*01      1       78      79      93      94      144     145     162     163     273     VB      0
TRBV5-4*02      1       78      79      93      94      144     145     162     163     273     VB      0
TRBV5-5*01      1       78      79      93      94      144     145     162     163     273     VB      0
TRBV5-5*02      1       78      79      93      94      144     145     162     163     273     VB      0
TRBV5-5*03      1       78      79      93      94      144     145     162     163     273     VB      0
TRBV5-6*01      1       78      79      93      94      144     145     162     163     273     VB      0
TRBV5-7*01      1       78      79      93      94      144     145     162     163     273     VB      0
TRBV5-8*01      1       78      79      93      94      144     145     162     163     273     VB      0
TRBV6-1*01      1       78      79      93      94      144     145     162     163     273     VB      0
TRBV6-2*01      1       78      79      93      94      144     145     162     163     273     VB      0
TRBV6-3*01      1       78      79      93      94      144     145     162     163     273     VB      0
TRBV6-4*01      1       78      79      93      94      144     145     162     163     273     VB      0
TRBV6-4*02      1       78      79      93      94      144     145     162     163     273     VB      0
TRBV6-5*01      1       78      79      93      94      144     145     162     163     273     VB      0
TRBV6-6*01      1       78      79      93      94      144     145     162     163     273     VB      0
TRBV6-6*02      1       78      79      93      94      144     145     162     163     273     VB      0
TRBV6-6*03      1       78      79      93      94      144     145     162     163     273     VB      0
TRBV6-6*04      1       78      79      93      94      144     145     162     163     273     VB      0
TRBV6-6*05      1       78      79      93      94      144     145     162     163     273     VB      0
TRBV6-7*01      1       78      79      93      94      144     145     162     163     273     VB      0
TRBV6-8*01      1       78      79      93      94      144     145     162     163     270     VB      0
TRBV6-9*01      1       78      79      93      94      144     145     162     163     273     VB      0
TRBV7-1*01      1       78      79      93      94      144     145     162     163     276     VB      0
TRBV7-2*01      1       78      79      93      94      144     145     162     163     276     VB      0
TRBV7-2*02      1       78      79      93      94      144     145     162     163     276     VB      0
TRBV7-2*03      1       78      79      93      94      144     145     162     163     276     VB      0
TRBV7-2*04      1       78      79      93      94      144     145     162     163     276     VB      0
TRBV7-3*01      1       78      79      93      94      144     145     162     163     276     VB      0
TRBV7-3*02      1       78      79      93      94      144     145     162     163     276     VB      0
TRBV7-3*03      1       78      79      93      94      144     145     162     163     276     VB      0
TRBV7-3*04      1       78      79      93      94      144     145     162     163     276     VB      0
TRBV7-4*01      1       78      79      93      94      144     145     162     163     276     VB      0
TRBV7-6*01      1       78      79      93      94      144     145     162     163     276     VB      0
TRBV7-6*02      1       78      79      93      94      144     145     162     163     276     VB      0
TRBV7-7*01      1       78      79      93      94      144     145     162     163     276     VB      0
TRBV7-7*02      1       78      79      93      94      144     145     162     163     276     VB      0
TRBV7-8*01      1       78      79      93      94      144     145     162     163     276     VB      0
TRBV7-8*02      1       78      79      93      94      144     145     162     163     276     VB      0
TRBV7-8*03      1       78      79      93      94      144     145     162     163     276     VB      0
TRBV7-9*01      1       78      79      93      94      144     145     162     163     276     VB      0
TRBV7-9*02      1       78      79      93      94      144     145     162     163     276     VB      0
TRBV7-9*03      1       78      79      93      94      144     145     162     163     276     VB      0
TRBV7-9*04      1       78      79      93      94      144     145     162     163     276     VB      0
TRBV7-9*05      1       78      79      93      94      144     145     162     163     276     VB      0
TRBV7-9*06      1       78      79      93      94      144     145     162     163     276     VB      0
TRBV9*01        1       78      79      93      94      144     145     162     163     273     VB      0
TRBV9*02        1       78      79      93      94      144     145     162     163     273     VB      0
TRBV9*03        1       78      79      93      94      144     145     162     163     273     VB      0
TRAV14/DV4*01   1       78      79      99      100     150     151     174     175     276     VA      0
TRAV14/DV4*02   1       78      79      99      100     150     151     174     175     276     VA      0
TRAV14/DV4*03   1       78      79      99      100     150     151     174     175     276     VA      0
TRAV23/DV6*01   1       78      79      96      97      147     148     168     169     270     VA      0
TRAV23/DV6*02   1       78      79      96      97      147     148     168     169     270     VA      0
TRAV23/DV6*03   1       78      79      96      97      147     148     168     169     270     VA      0
TRAV29/DV5*01   1       78      79      96      97      147     148     168     169     270     VA      0
TRAV29/DV5*02   1       78      79      96      97      147     148     168     169     270     VA      0
TRAV36/DV7*01   1       78      79      96      97      144     145     165     166     267     VA      0
TRAV36/DV7*02   1       78      79      96      97      144     145     165     166     267     VA      0
TRAV36/DV7*03   1       78      79      96      97      144     145     165     166     267     VA      0
TRAV36/DV7*04   1       78      79      96      97      144     145     165     166     267     VA      0
TRAV38-2/DV8*01 1       78      79      99      100     150     151     174     175     276     VA      0
TRDV1*01        1       78      79      99      100     150     151     159     160     273     VD      0
TRDV2*01        1       78      79      102     103     153     154     162     163     276     VD      0
TRDV2*03        1       78      79      102     103     153     154     162     163     276     VD      0
TRDV3*01        1       78      79      99      100     150     151     165     166     282     VD      0
TRDV3*02        1       78      79      99      100     150     151     165     166     282     VD      0
TRGV1*01        1       78      79      96      97      147     148     171     172     282     VG      0
TRGV10*01       1       78      79      102     103     153     154     177     178     294     VG      0
TRGV10*02       1       78      79      102     103     153     154     177     178     294     VG      0
TRGV11*01       1       78      79      102     103     153     154     174     175     291     VG      0
TRGV11*02       1       78      79      102     103     153     154     174     175     291     VG      0
TRGV2*01        1       78      79      96      97      147     148     171     172     285     VG      0
TRGV2*02        1       78      79      96      97      147     148     171     172     285     VG      0
TRGV3*01        1       78      79      96      97      147     148     171     172     285     VG      0
TRGV3*02        1       78      79      96      97      147     148     171     172     285     VG      0
TRGV4*01        1       78      79      96      97      147     148     171     172     285     VG      0
TRGV4*02        1       78      79      96      97      147     148     171     172     285     VG      0
TRGV5*01        1       78      79      96      97      147     148     171     172     285     VG      0
TRGV8*01        1       78      79      96      97      147     148     171     172     285     VG      0
TRGV9*01        1       78      79      102     103     153     154     174     175     291     VG      0
TRGV9*02        1       78      79      102     103     153     154     174     175     291     VG      0
